isMambo = true;
g = 9.31;

m = 0.063;
l = 0.0624*2;
Jx = 5.82857e-5;
Jy = 7.169148e-5;
Jz = 1e-4;
a = 1*4.7200e-08;
b = 0.044123463146041;
c = 0.002413741908324;
PWM_2_W2 = 13840.8;
J = [Jx;Jy;Jz];
sigma = [l*a/Jx l*a/Jy l*c/Jz a/m];
%Kw = [0.08 0.1 0.2]*100;
%Kp = [0.6 0.7 1]*50;
%Ki = [0.1 0.6 0.1]*0;
T = 0.0050;
posNED = [0 0 -0.046];

k3 = 5, k2 = k3, k1 = k2;

K4 = -80, K3 = K4, K2 = K3;

